team_home,team_away,day_of_matchup,days_left,score_diff,starts_left_home,starts_left_away,start_advantage,win_prob,win_prob_lr
All That is Wright,Mt. Everest Taquito Farmers,0,14,0,11,11,0,0.6906632302354265,0.4980916406925082
All That is Wright,Mt. Everest Taquito Farmers,1,13,12.5,11,10,1,0.787864228789245,0.6998387411447111
All That is Wright,Mt. Everest Taquito Farmers,2,12,67,7,9,-2,0.9259805525852067,0.8630093760852133
All That is Wright,Mt. Everest Taquito Farmers,3,11,61,7,8,-1,0.9155614583555864,0.8786617362817164
All That is Wright,Mt. Everest Taquito Farmers,4,10,52,6,6,0,0.9353075758400455,0.9255868274881913
All That is Wright,Mt. Everest Taquito Farmers,5,9,21,6,5,1,0.8226718600163219,0.764006463472722
All That is Wright,Mt. Everest Taquito Farmers,6,8,25,6,5,1,0.8363170447065096,0.7907146523960727
All That is Wright,Mt. Everest Taquito Farmers,7,7,21.5,4,3,1,0.8351591354561742,0.767470005131212
All That is Wright,Mt. Everest Taquito Farmers,8,6,21.5,4,3,1,0.8351591354561742,0.767470005131212
All That is Wright,Mt. Everest Taquito Farmers,9,5,21.5,4,3,1,0.8351591354561742,0.767470005131212
All That is Wright,Mt. Everest Taquito Farmers,10,4,21.5,4,3,1,0.7760249382210667,0.767470005131212
All That is Wright,Mt. Everest Taquito Farmers,11,3,21.5,4,3,1,0.776410699482053,0.767470005131212
All That is Wright,Mt. Everest Taquito Farmers,12,2,66.5,2,3,-1,0.9093357397855164,0.8995546395543582
All That is Wright,Mt. Everest Taquito Farmers,13,1,56.5,2,2,0,0.9572908157542828,0.9393233753981127
All That is Wright,Mt. Everest Taquito Farmers,14,0,26,0,0,0,1,0.7784369408988124
The West Bank Occupiers,The Talmudic Tunnelers,0,14,0,11,11,0,0.4475763206524584,0.4980916406925082
The West Bank Occupiers,The Talmudic Tunnelers,1,13,-38.5,9,9,0,0.23442522038186914,0.13242988532609368
The West Bank Occupiers,The Talmudic Tunnelers,2,12,-62.5,9,8,1,0.18584283584958636,0.11408060762317583
The West Bank Occupiers,The Talmudic Tunnelers,3,11,-74,9,7,2,0.1354861469919278,0.10543148311714011
The West Bank Occupiers,The Talmudic Tunnelers,4,10,-73,9,6,3,0.17668790297961623,0.14551213767411267
The West Bank Occupiers,The Talmudic Tunnelers,5,9,-58,7,6,1,0.16775868415092607,0.13285526033516626
The West Bank Occupiers,The Talmudic Tunnelers,6,8,-42.5,3,4,-1,0.1267169178819951,0.1172797984363121
The West Bank Occupiers,The Talmudic Tunnelers,7,7,-67.5,3,3,0,0.07220221025075005,0.03592526228852497
The West Bank Occupiers,The Talmudic Tunnelers,8,6,-67.5,3,3,0,0.07169951659764336,0.03592526228852497
The West Bank Occupiers,The Talmudic Tunnelers,9,5,-67.5,3,3,0,0.06268599492634819,0.03592526228852497
The West Bank Occupiers,The Talmudic Tunnelers,10,4,-67.5,3,3,0,0.061735116067781905,0.03592526228852497
The West Bank Occupiers,The Talmudic Tunnelers,11,3,-67.5,3,3,0,0.04781981271828697,0.03592526228852497
The West Bank Occupiers,The Talmudic Tunnelers,12,2,-41.5,2,2,0,0.10477409629486858,0.11655004793257953
The West Bank Occupiers,The Talmudic Tunnelers,13,1,-49,1,1,0,0.04723617736089143,0.08392374306273113
The West Bank Occupiers,The Talmudic Tunnelers,14,0,-68.5,0,0,0,0,0.034278680201929944
The Traveling Secretaries,At Witt's End,0,14,0,11,11,0,0.5998168615184419,0.4980916406925082
The Traveling Secretaries,At Witt's End,1,13,-52.5,11,8,3,0.4225235058571496,0.2671537765391658
The Traveling Secretaries,At Witt's End,2,12,-57,10,6,4,0.4398998269884002,0.2077258872231898
The Traveling Secretaries,At Witt's End,3,11,-2.5,7,5,2,0.6512562546514241,0.6446236537808018
The Traveling Secretaries,At Witt's End,4,10,19,6,5,1,0.7291210791867899,0.7497986065357556
The Traveling Secretaries,At Witt's End,5,9,50.5,5,5,0,0.8761779049431532,0.9204047815974796
The Traveling Secretaries,At Witt's End,6,8,6.5,4,3,1,0.6970221348454948,0.6490418055903888
The Traveling Secretaries,At Witt's End,7,7,-18.5,3,0,3,0.7281922075852454,0.5629769433064757
The Traveling Secretaries,At Witt's End,8,6,-18.5,3,0,3,0.7281922075852454,0.5629769433064757
The Traveling Secretaries,At Witt's End,9,5,-18.5,3,0,3,0.7249109003647864,0.5629769433064757
The Traveling Secretaries,At Witt's End,10,4,-18.5,3,0,3,0.6733959887131751,0.5629769433064757
The Traveling Secretaries,At Witt's End,11,3,-18.5,3,0,3,0.6628142092331946,0.5629769433064757
The Traveling Secretaries,At Witt's End,12,2,17,1,0,1,0.8451699187009334,0.7350320298070903
The Traveling Secretaries,At Witt's End,13,1,8.5,1,0,1,0.8305030012642939,0.6664257767377288
The Traveling Secretaries,At Witt's End,14,0,36,0,0,0,1,0.8510445216801985
Sac Fly by the Rook,Burnes Notice,0,14,0,11,11,0,0.3730838430090946,0.4980916406925082
Sac Fly by the Rook,Burnes Notice,1,13,-27,11,10,1,0.2832588367965436,0.3365227844847324
Sac Fly by the Rook,Burnes Notice,2,12,33.5,7,9,-2,0.5211191833028412,0.638386458163071
Sac Fly by the Rook,Burnes Notice,3,11,18,7,8,-1,0.4656829161974796,0.5790082432493607
Sac Fly by the Rook,Burnes Notice,4,10,-9,7,7,0,0.330764325266001,0.3904916435724367
Sac Fly by the Rook,Burnes Notice,5,9,-53.5,5,4,1,0.12913266991072886,0.15418198578029835
Sac Fly by the Rook,Burnes Notice,6,8,-28,5,4,1,0.28445547887781003,0.3279557858456542
Sac Fly by the Rook,Burnes Notice,7,7,-19.5,2,2,0,0.23028867652322282,0.27772106778151934
Sac Fly by the Rook,Burnes Notice,8,6,-19.5,2,2,0,0.23028867652322282,0.27772106778151934
Sac Fly by the Rook,Burnes Notice,9,5,-19.5,2,2,0,0.22893331458474628,0.27772106778151934
Sac Fly by the Rook,Burnes Notice,10,4,-19.5,2,2,0,0.27354507853890886,0.27772106778151934
Sac Fly by the Rook,Burnes Notice,11,3,-19.5,2,2,0,0.26478434016610614,0.27772106778151934
Sac Fly by the Rook,Burnes Notice,12,2,-24,2,2,0,0.24431110155345526,0.2360244386101375
Sac Fly by the Rook,Burnes Notice,13,1,-26.5,0,1,-1,0.07966857787709809,0.1977595132784596
Sac Fly by the Rook,Burnes Notice,14,0,-26,0,0,0,0,0.21894112113867267
Blasphemous Hot Takes,Ketel Bells,0,14,0,11,11,0,0.5610945841106973,0.4980916406925082
Blasphemous Hot Takes,Ketel Bells,1,13,-8.5,11,9,2,0.5854738023480855,0.5905119312808329
Blasphemous Hot Takes,Ketel Bells,2,12,15,10,9,1,0.6544875294336379,0.7197197230501472
Blasphemous Hot Takes,Ketel Bells,3,11,28,9,8,1,0.7524348964220569,0.8092414090664609
Blasphemous Hot Takes,Ketel Bells,4,10,47,9,8,1,0.8385090444891645,0.8983300201142793
Blasphemous Hot Takes,Ketel Bells,5,9,87,5,7,-2,0.8916112997862822,0.9308617605433489
Blasphemous Hot Takes,Ketel Bells,6,8,74.5,5,5,0,0.9285651142892803,0.9737841762590238
Blasphemous Hot Takes,Ketel Bells,7,7,76.5,3,4,-1,0.8621049838001988,0.9294709944404469
Blasphemous Hot Takes,Ketel Bells,8,6,76.5,3,4,-1,0.8778565840657018,0.9294709944404469
Blasphemous Hot Takes,Ketel Bells,9,5,76.5,3,4,-1,0.8822101073200963,0.9294709944404469
Blasphemous Hot Takes,Ketel Bells,10,4,76.5,3,4,-1,0.8954685168202183,0.9294709944404469
Blasphemous Hot Takes,Ketel Bells,11,3,76.5,3,4,-1,0.9302734332020544,0.9294709944404469
Blasphemous Hot Takes,Ketel Bells,12,2,54,2,3,-1,0.8579234281109551,0.846758941382877
Blasphemous Hot Takes,Ketel Bells,13,1,49,1,2,-1,0.8842445487147148,0.819985757019351
Blasphemous Hot Takes,Ketel Bells,14,0,87.5,0,1,-1,1,0.9527332455348143
Guts. Glory. JRam.,The Novaks,0,14,0,11,11,0,0.4571510751756298,0.4980916406925082
Guts. Glory. JRam.,The Novaks,1,13,-10.5,11,11,0,0.39439940595704903,0.37327755213174163
Guts. Glory. JRam.,The Novaks,2,12,-6,9,10,-1,0.3976992455801521,0.3524173933670691
Guts. Glory. JRam.,The Novaks,3,11,19.5,8,9,-1,0.522347243248235,0.5930647036374153
Guts. Glory. JRam.,The Novaks,4,10,-25.5,8,8,0,0.29207934795523394,0.22312698059800795
Guts. Glory. JRam.,The Novaks,5,9,-67,6,6,0,0.08158413543752109,0.03677685928599412
Guts. Glory. JRam.,The Novaks,6,8,-113.5,4,3,1,0.03168159954858121,0.017650705233827082
Guts. Glory. JRam.,The Novaks,7,7,-132.5,4,2,2,0.01616690718519989,0.012431642084732809
Guts. Glory. JRam.,The Novaks,8,6,-132.5,4,2,2,0.013224576794984969,0.012431642084732809
Guts. Glory. JRam.,The Novaks,9,5,-132.5,4,2,2,0.010852516823890837,0.012431642084732809
Guts. Glory. JRam.,The Novaks,10,4,-132.5,4,2,2,0.008303670221450957,0.012431642084732809
Guts. Glory. JRam.,The Novaks,11,3,-132.5,4,2,2,0.005340265305224093,0.012431642084732809
Guts. Glory. JRam.,The Novaks,12,2,-117.5,3,1,2,0.010697698421119176,0.021849561353379576
Guts. Glory. JRam.,The Novaks,13,1,-96.5,2,1,1,0.011277740526692587,0.033482137354946206
Guts. Glory. JRam.,The Novaks,14,0,-105.5,0,0,0,0,0.005838499757611142
